0	1	2	3	4	5	6	7	8	9	10
0	100	115	116	126	145	146	147	148	149	150
0	151	152	153	154	155	156	157	158	159	160
0	161	162	163	164	165	166	167
2	1	3	4	7	38	95	113	24	168	169
1	24
3	46	47	48	54	56	58	82	85	86
3	122	123	124	125	126	127	128	129	130
4	6	145	146	147	148	149	150	151	152
4	153	154	155	156	157	158	159	160	161
4	162	163	164	165	166	42	43	44	45
4	49	50	51	52	53	55	57	80	83
4	84	87	107	112	131	132	133	134	135
4	136	137	138	139	108
11	8
12	13
13	19
14	42	43	44	45	46	47	48	49	50	51
14	52	53	54	55	56	80	81	82	86	87
15	99	100	101
16	108
17	6
18	145	146	147	148	149	150	151	152	153	154
18	155	156	157	158	159	160	161	162	163	164
18	165	166
19	143
20	8	15	64	109	126