1	3
2	3
3	8	9
4	10
5	11
6	0
7	14	15
8	13
9	94	-1
10	96
11	19	-1
12	17	27
13	101	-1
14	103
15	0
16	106
17	0	-1
18	0
19	3
20	3
21	0
22	0
23	109	-1
24	25	-1
25	23	67
26	111	-1
27	35	110
28	0
29	97	-1
30	0	-1
31	119	121
32	117	122
33	117	122
34	0	0
35	130	-1
36	0	-1
37	126	-1
38	140	-1
39	0
40	96	-1
41	143	-1
42	6	-1
43	0	-1
44	0	-1
45	113	169
46	166
47	11	-1
48	18	-1
49	106	-1
50	18
51	27
52	28
53	29
54	30
55	0
56	92
57	95
58	97
59	100
60	101
61	0
62	119	121
63	127
64	130	-1
65	144
66	0
67	0
68	167
69	177